,Id,SalePrice
0,1461,124495.2
1,1462,169081.14
2,1463,189584.8
3,1464,192068.48
4,1465,186588.81
5,1466,178423.57
6,1467,178081.89
7,1468,172999.4
8,1469,180483.8
9,1470,121852.08
10,1471,200358.73
11,1472,93542.38
12,1473,99400.27
13,1474,150011.57
14,1475,113237.39
15,1476,350128.02
16,1477,250375.19
17,1478,283556.23
18,1479,267218.29
19,1480,493665.6
20,1481,328733.1
21,1482,203807.01
22,1483,178494.71
23,1484,163899.0
24,1485,175316.92
25,1486,193851.02
26,1487,314635.61
27,1488,231659.34
28,1489,199599.04
29,1490,227769.2
30,1491,187799.29
31,1492,85370.15
32,1493,183457.03
33,1494,280102.75
34,1495,289780.71
35,1496,233430.86
36,1497,186789.11
37,1498,157689.04
38,1499,155099.96
39,1500,162007.46
40,1501,175390.41
41,1502,133876.45
42,1503,297344.92
43,1504,229130.34
44,1505,223408.27
45,1506,183460.52
46,1507,272234.94
47,1508,198288.48
48,1509,159507.25
49,1510,151792.03
50,1511,147511.81
51,1512,169878.79
52,1513,137352.85
53,1514,156270.48
54,1515,220794.36
55,1516,145581.14
56,1517,157884.93
57,1518,124707.05
58,1519,227996.36
59,1520,137547.18
60,1521,140158.13
61,1522,160782.25
62,1523,121797.43
63,1524,119923.16
64,1525,123060.98
65,1526,122264.16
66,1527,107675.96
67,1528,132121.21
68,1529,149063.5
69,1530,161280.53
70,1531,112490.52
71,1532,103115.07
72,1533,148427.78
73,1534,122095.15
74,1535,163882.51
75,1536,113783.15
76,1537,76881.69
77,1538,134373.13
78,1539,174789.3
79,1540,111630.68
80,1541,145549.72
81,1542,146140.55
82,1543,200853.02
83,1544,77365.45
84,1545,106415.88
85,1546,126612.46
86,1547,131125.76
87,1548,131411.39
88,1549,117462.47
89,1550,140308.46
90,1551,116163.54
91,1552,139284.95
92,1553,141650.94
93,1554,103888.51
94,1555,179966.69
95,1556,82767.18
96,1557,126067.09
97,1558,84599.4
98,1559,119743.46
99,1560,146607.24
100,1561,162264.14
101,1562,127085.78
102,1563,124859.57
103,1564,164297.37
104,1565,156379.72
105,1566,219263.01
106,1567,76936.1
107,1568,220450.48
108,1569,161160.04
109,1570,132206.37
110,1571,113679.9
111,1572,142873.84
112,1573,254145.18
113,1574,111528.64
114,1575,222248.17
115,1576,241497.23
116,1577,196354.3
117,1578,138483.68
118,1579,148506.53
119,1580,187355.42
120,1581,139220.8
121,1582,126651.87
122,1583,330767.26
123,1584,229090.06
124,1585,141959.66
125,1586,71656.12
126,1587,97208.22
127,1588,149120.94
128,1589,107491.7
129,1590,132455.69
130,1591,95599.47
131,1592,128080.19
132,1593,121879.3
133,1594,135300.01
134,1595,141011.47
135,1596,241237.97
136,1597,182740.41
137,1598,190934.32
138,1599,149819.13
139,1600,165796.79
140,1601,74103.14
141,1602,112795.3
142,1603,84796.23
143,1604,277260.18
144,1605,236364.36
145,1606,170336.76
146,1607,170638.99
147,1608,213728.16
148,1609,182527.84
149,1610,164535.22
150,1611,145448.81
151,1612,181236.1
152,1613,176428.71
153,1614,120740.49
154,1615,90237.94
155,1616,77764.88
156,1617,90309.55
157,1618,128220.65
158,1619,137454.24
159,1620,189663.9
160,1621,152477.93
161,1622,144695.64
162,1623,282494.93
163,1624,225518.03
164,1625,123802.7
165,1626,161518.95
166,1627,184936.84
167,1628,265145.75
168,1629,176635.2
169,1630,362413.13
170,1631,199570.63
171,1632,233469.7
172,1633,168535.53
173,1634,197915.32
174,1635,177894.88
175,1636,163742.2
176,1637,192018.01
177,1638,191421.19
178,1639,179130.44
179,1640,262945.38
180,1641,174315.66
181,1642,224041.59
182,1643,215277.89
183,1644,225174.68
184,1645,194880.54
185,1646,156387.27
186,1647,151775.48
187,1648,139017.44
188,1649,140886.26
189,1650,116058.51
190,1651,120460.23
191,1652,93151.76
192,1653,95935.54
193,1654,149282.32
194,1655,136795.66
195,1656,144857.54
196,1657,149377.61
197,1658,145053.12
198,1659,124324.0
199,1660,151433.09
200,1661,468975.11
201,1662,362307.31
202,1663,381422.08
203,1664,459418.65
204,1665,302186.31
205,1666,335527.64
206,1667,387372.91
207,1668,327249.78
208,1669,280645.77
209,1670,343935.27
210,1671,274221.35
211,1672,453068.62
212,1673,294838.89
213,1674,245863.12
214,1675,206323.77
215,1676,199809.23
216,1677,226248.81
217,1678,458309.13
218,1679,417364.86
219,1680,331757.03
220,1681,222209.94
221,1682,305894.42
222,1683,182154.34
223,1684,172535.83
224,1685,175000.89
225,1686,171096.95
226,1687,164565.56
227,1688,187003.16
228,1689,184681.44
229,1690,186804.89
230,1691,175825.97
231,1692,236925.17
232,1693,169448.06
233,1694,182616.91
234,1695,163270.69
235,1696,279700.68
236,1697,168120.41
237,1698,399743.18
238,1699,319393.46
239,1700,243706.58
240,1701,259948.78
241,1702,254802.07
242,1703,256896.66
243,1704,290771.92
244,1705,216314.07
245,1706,435797.34
246,1707,218906.04
247,1708,214516.24
248,1709,262928.95
249,1710,221239.15
250,1711,245133.32
251,1712,265110.95
252,1713,281687.76
253,1714,220126.61
254,1715,199115.89
255,1716,185554.4
256,1717,157182.27
257,1718,138343.32
258,1719,205509.08
259,1720,241261.58
260,1721,154594.11
261,1722,124734.89
262,1723,161471.58
263,1724,218054.65
264,1725,237402.18
265,1726,199385.45
266,1727,173846.76
267,1728,175565.84
268,1729,167697.85
269,1730,149960.7
270,1731,121185.43
271,1732,134230.94
272,1733,119699.81
273,1734,119939.37
274,1735,132102.92
275,1736,116049.82
276,1737,322953.57
277,1738,222651.41
278,1739,319899.73
279,1740,247993.83
280,1741,192358.33
281,1742,173592.03
282,1743,173175.56
283,1744,287046.28
284,1745,230340.49
285,1746,185240.53
286,1747,208556.31
287,1748,236163.52
288,1749,163548.75
289,1750,134056.94
290,1751,233324.86
291,1752,121753.64
292,1753,146711.73
293,1754,174571.62
294,1755,172794.98
295,1756,120176.5
296,1757,119193.76
297,1758,147656.64
298,1759,157253.92
299,1760,166007.8
300,1761,145662.87
301,1762,168625.41
302,1763,164723.1
303,1764,115495.86
304,1765,184540.32
305,1766,164958.57
306,1767,225023.79
307,1768,146465.08
308,1769,168231.23
309,1770,140377.5
310,1771,129313.84
311,1772,141407.82
312,1773,132362.4
313,1774,146840.7
314,1775,132762.94
315,1776,122487.9
316,1777,114642.23
317,1778,137339.74
318,1779,111360.82
319,1780,166622.77
320,1781,124572.67
321,1782,97777.16
322,1783,135839.2
323,1784,104768.41
324,1785,112305.1
325,1786,134306.17
326,1787,156006.78
327,1788,60908.27
328,1789,83923.56
329,1790,87484.88
330,1791,183972.14
331,1792,152868.5
332,1793,137006.36
333,1794,143211.2
334,1795,137243.82
335,1796,110923.06
336,1797,112742.6
337,1798,123610.92
338,1799,104070.23
339,1800,132315.34
340,1801,136212.68
341,1802,119040.91
342,1803,149391.13
343,1804,148348.77
344,1805,138083.16
345,1806,112773.27
346,1807,122855.9
347,1808,112177.51
348,1809,113380.86
349,1810,147321.27
350,1811,107948.95
351,1812,105385.89
352,1813,121529.77
353,1814,94150.01
354,1815,61721.55
355,1816,92609.65
356,1817,124167.05
357,1818,137584.94
358,1819,124598.42
359,1820,77596.48
360,1821,94337.05
361,1822,145816.26
362,1823,57952.07
363,1824,128029.93
364,1825,128188.78
365,1826,104952.79
366,1827,105818.37
367,1828,136223.31
368,1829,118307.31
369,1830,132595.52
370,1831,141087.82
371,1832,108272.25
372,1833,145324.44
373,1834,123865.63
374,1835,135897.79
375,1836,129990.86
376,1837,91725.62
377,1838,131843.31
378,1839,86336.99
379,1840,165522.3
380,1841,140164.44
381,1842,86000.81
382,1843,132385.39
383,1844,133399.32
384,1845,138321.46
385,1846,152366.52
386,1847,168106.08
387,1848,64002.76
388,1849,105885.92
389,1850,117227.3
390,1851,151499.78
391,1852,122474.59
392,1853,136686.5
393,1854,156996.43
394,1855,143585.21
395,1856,217889.7
396,1857,146953.44
397,1858,146038.55
398,1859,116972.38
399,1860,153458.79
400,1861,116622.62
401,1862,262481.9
402,1863,257733.25
403,1864,257733.25
404,1865,320603.67
405,1866,328215.77
406,1867,238941.6
407,1868,304094.35
408,1869,208277.63
409,1870,218928.32
410,1871,246999.56
411,1872,171250.38
412,1873,228200.23
413,1874,140352.27
414,1875,198961.63
415,1876,195851.6
416,1877,209225.05
417,1878,209483.19
418,1879,134983.55
419,1880,136850.7
420,1881,243611.72
421,1882,245071.89
422,1883,196096.84
423,1884,207313.39
424,1885,231657.75
425,1886,304891.17
426,1887,206032.19
427,1888,266516.87
428,1889,163588.18
429,1890,128786.98
430,1891,140608.15
431,1892,106575.99
432,1893,125378.91
433,1894,121519.79
434,1895,139454.36
435,1896,125253.95
436,1897,117336.01
437,1898,104291.81
438,1899,141855.77
439,1900,119738.42
440,1901,164577.03
441,1902,150303.86
442,1903,174916.1
443,1904,137553.38
444,1905,182193.9
445,1906,185638.94
446,1907,206131.94
447,1908,112034.86
448,1909,139303.28
449,1910,124676.53
450,1911,208959.95
451,1912,290771.11
452,1913,156555.95
453,1914,64541.34
454,1915,315892.24
455,1916,69818.51
456,1917,242256.38
457,1918,138921.24
458,1919,165364.51
459,1920,171429.67
460,1921,449252.71
461,1922,309984.87
462,1923,208862.77
463,1924,226387.1
464,1925,206250.51
465,1926,388709.79
466,1927,134391.41
467,1928,168067.48
468,1929,123122.93
469,1930,128398.96
470,1931,144472.14
471,1932,153494.53
472,1933,179161.44
473,1934,182428.68
474,1935,177011.66
475,1936,192620.16
476,1937,186435.63
477,1938,182095.37
478,1939,233751.61
479,1940,188247.21
480,1941,173264.02
481,1942,187289.21
482,1943,196376.11
483,1944,342939.08
484,1945,381743.05
485,1946,168155.17
486,1947,311728.92
487,1948,165869.08
488,1949,250941.05
489,1950,181581.89
490,1951,256636.83
491,1952,227933.6
492,1953,164341.73
493,1954,177774.8
494,1955,135704.85
495,1956,298830.22
496,1957,158858.95
497,1958,307619.86
498,1959,143656.64
499,1960,116555.66
500,1961,121886.09
501,1962,94658.14
502,1963,105211.12
503,1964,113437.78
504,1965,148473.88
505,1966,132949.52
506,1967,280806.69
507,1968,457236.64
508,1969,387904.11
509,1970,458591.23
510,1971,449046.98
511,1972,376325.64
512,1973,255396.67
513,1974,310417.6
514,1975,459316.75
515,1976,260260.02
516,1977,388572.01
517,1978,404895.46
518,1979,325384.05
519,1980,196412.74
520,1981,342497.27
521,1982,226039.55
522,1983,203982.83
523,1984,169518.99
524,1985,220460.97
525,1986,207185.27
526,1987,177053.0
527,1988,178150.11
528,1989,186147.1
529,1990,214697.41
530,1991,241309.62
531,1992,216757.83
532,1993,171544.12
533,1994,244857.09
534,1995,182718.22
535,1996,248136.73
536,1997,298101.05
537,1998,346315.02
538,1999,252467.17
539,2000,315675.16
540,2001,263146.81
541,2002,251393.16
542,2003,256550.8
543,2004,252260.56
544,2005,210864.74
545,2006,229713.31
546,2007,242117.58
547,2008,199451.92
548,2009,199008.45
549,2010,187391.32
550,2011,142735.45
551,2012,170502.85
552,2013,184641.64
553,2014,193271.25
554,2015,194285.89
555,2016,203589.29
556,2017,197021.97
557,2018,120399.4
558,2019,132722.69
559,2020,113254.38
560,2021,112945.12
561,2022,181451.18
562,2023,155777.18
563,2024,276281.34
564,2025,350843.56
565,2026,175771.41
566,2027,155703.42
567,2028,154625.62
568,2029,171184.45
569,2030,259810.35
570,2031,207288.87
571,2032,217017.0
572,2033,244606.06
573,2034,167788.2
574,2035,205042.84
575,2036,183676.25
576,2037,187741.13
577,2038,261687.37
578,2039,196710.43
579,2040,268666.57
580,2041,263166.74
581,2042,205088.37
582,2043,169211.52
583,2044,164715.47
584,2045,212660.27
585,2046,130657.52
586,2047,149519.72
587,2048,136374.49
588,2049,128695.1
589,2050,170200.88
590,2051,103981.79
591,2052,133675.49
592,2053,144441.07
593,2054,85887.11
594,2055,160125.72
595,2056,138533.53
596,2057,123217.25
597,2058,241405.27
598,2059,138179.43
599,2060,177311.88
600,2061,171298.71
601,2062,132120.38
602,2063,110887.78
603,2064,144214.37
604,2065,116146.4
605,2066,170988.37
606,2067,111123.52
607,2068,149879.83
608,2069,82884.74
609,2070,108830.04
610,2071,96213.06
611,2072,140418.54
612,2073,141626.34
613,2074,181203.65
614,2075,144001.8
615,2076,119657.94
616,2077,151961.16
617,2078,131794.69
618,2079,127267.6
619,2080,111569.32
620,2081,128223.7
621,2082,134136.04
622,2083,139495.42
623,2084,111859.9
624,2085,125157.4
625,2086,96209.45
626,2087,128028.61
627,2088,99640.99
628,2089,81219.29
629,2090,127803.63
630,2091,123987.47
631,2092,129834.46
632,2093,137026.28
633,2094,97275.96
634,2095,154391.35
635,2096,75550.96
636,2097,97403.63
637,2098,151477.18
638,2099,57596.43
639,2100,97438.69
640,2101,125496.94
641,2102,128494.23
642,2103,105485.83
643,2104,128699.19
644,2105,128255.75
645,2106,79297.89
646,2107,217236.01
647,2108,112457.45
648,2109,112338.02
649,2110,133549.84
650,2111,135711.56
651,2112,145113.84
652,2113,124462.85
653,2114,105608.09
654,2115,165520.13
655,2116,115409.43
656,2117,151696.45
657,2118,124586.02
658,2119,103453.63
659,2120,114063.64
660,2121,90929.0
661,2122,111394.81
662,2123,81594.43
663,2124,153366.27
664,2125,132408.87
665,2126,152166.83
666,2127,140402.23
667,2128,117467.26
668,2129,89046.45
669,2130,140247.25
670,2131,129981.32
671,2132,114260.52
672,2133,123900.25
673,2134,111563.15
674,2135,95173.81
675,2136,75348.71
676,2137,114963.54
677,2138,136873.29
678,2139,154505.14
679,2140,135360.7
680,2141,134811.51
681,2142,133315.22
682,2143,145559.77
683,2144,120960.81
684,2145,137344.62
685,2146,152401.78
686,2147,139517.22
687,2148,129664.08
688,2149,135969.94
689,2150,218338.55
690,2151,100848.06
691,2152,199515.62
692,2153,159372.28
693,2154,111122.8
694,2155,132801.9
695,2156,292593.14
696,2157,231746.15
697,2158,240480.23
698,2159,206670.24
699,2160,163352.82
700,2161,242463.58
701,2162,445527.8
702,2163,357041.42
703,2164,226327.35
704,2165,186864.56
705,2166,149545.92
706,2167,212649.52
707,2168,207313.09
708,2169,190248.01
709,2170,219950.01
710,2171,145438.01
711,2172,135202.97
712,2173,155632.77
713,2174,236612.35
714,2175,273013.6
715,2176,326630.88
716,2177,251870.66
717,2178,201955.38
718,2179,143400.25
719,2180,238218.1
720,2181,191229.26
721,2182,235083.42
722,2183,197568.85
723,2184,132627.67
724,2185,125940.83
725,2186,144676.19
726,2187,151706.9
727,2188,156023.04
728,2189,290880.44
729,2190,82314.34
730,2191,86973.79
731,2192,90376.9
732,2193,97999.65
733,2194,97741.27
734,2195,112433.71
735,2196,103373.49
736,2197,120591.42
737,2198,154421.65
738,2199,164644.33
739,2200,137190.4
740,2201,132551.52
741,2202,180656.16
742,2203,149235.0
743,2204,180245.15
744,2205,125471.54
745,2206,136435.51
746,2207,189400.19
747,2208,235758.48
748,2209,234678.47
749,2210,120275.74
750,2211,110363.87
751,2212,117524.06
752,2213,99379.3
753,2214,136313.75
754,2215,103116.37
755,2216,147527.19
756,2217,69117.04
757,2218,78985.56
758,2219,75443.7
759,2220,71734.03
760,2221,317837.08
761,2222,284093.36
762,2223,313365.85
763,2224,213276.79
764,2225,130539.27
765,2226,213191.46
766,2227,208474.28
767,2228,274093.77
768,2229,242204.48
769,2230,162974.25
770,2231,211418.07
771,2232,185104.22
772,2233,188869.94
773,2234,222167.7
774,2235,247972.55
775,2236,270002.95
776,2237,362342.29
777,2238,191261.6
778,2239,120820.35
779,2240,161167.95
780,2241,152361.74
781,2242,130848.1
782,2243,125165.67
783,2244,107262.64
784,2245,96626.22
785,2246,141990.19
786,2247,101654.36
787,2248,126008.31
788,2249,132483.29
789,2250,136078.29
790,2251,131184.58
791,2252,165821.42
792,2253,157539.4
793,2254,174667.17
794,2255,190380.04
795,2256,177410.23
796,2257,209026.68
797,2258,165161.61
798,2259,180095.63
799,2260,143783.64
800,2261,180422.18
801,2262,209861.14
802,2263,351925.71
803,2264,456079.61
804,2265,164928.85
805,2266,277007.79
806,2267,393683.97
807,2268,373635.33
808,2269,160259.84
809,2270,183183.06
810,2271,209721.34
811,2272,193421.87
812,2273,170347.05
813,2274,185224.45
814,2275,168257.13
815,2276,181872.02
816,2277,180118.12
817,2278,145871.7
818,2279,121701.96
819,2280,114047.49
820,2281,182213.93
821,2282,203754.03
822,2283,97517.22
823,2284,110202.66
824,2285,135400.55
825,2286,124847.47
826,2287,341252.86
827,2288,269856.65
828,2289,429528.93
829,2290,464545.36
830,2291,311482.47
831,2292,406450.55
832,2293,466195.87
833,2294,435455.65
834,2295,425441.94
835,2296,293931.89
836,2297,300565.84
837,2298,305472.75
838,2299,423336.65
839,2300,314814.82
840,2301,256523.53
841,2302,241412.39
842,2303,229912.49
843,2304,239535.46
844,2305,194851.32
845,2306,194662.24
846,2307,199227.67
847,2308,222127.56
848,2309,266400.87
849,2310,205274.04
850,2311,194461.47
851,2312,181600.91
852,2313,174267.36
853,2314,165987.96
854,2315,172376.65
855,2316,179006.62
856,2317,190720.83
857,2318,180988.22
858,2319,176285.1
859,2320,183773.18
860,2321,236683.94
861,2322,169791.82
862,2323,172005.18
863,2324,166117.53
864,2325,226450.11
865,2326,164752.27
866,2327,212670.21
867,2328,226493.08
868,2329,185649.82
869,2330,178921.98
870,2331,390182.09
871,2332,389133.71
872,2333,308459.14
873,2334,263107.26
874,2335,255128.04
875,2336,339243.84
876,2337,209956.97
877,2338,271226.74
878,2339,225042.2
879,2340,375009.42
880,2341,227025.35
881,2342,227319.32
882,2343,228298.37
883,2344,220209.9
884,2345,235052.5
885,2346,211987.57
886,2347,197269.55
887,2348,236687.49
888,2349,186987.07
889,2350,268083.02
890,2351,248701.28
891,2352,246476.69
892,2353,278453.36
893,2354,126940.23
894,2355,127254.63
895,2356,157075.25
896,2357,196768.22
897,2358,203511.21
898,2359,128536.53
899,2360,121419.41
900,2361,144108.6
901,2362,285683.66
902,2363,142519.28
903,2364,149915.32
904,2365,210824.46
905,2366,170680.01
906,2367,223487.53
907,2368,214561.05
908,2369,218847.28
909,2370,171837.64
910,2371,171421.3
911,2372,194201.91
912,2373,273948.67
913,2374,291629.94
914,2375,253828.65
915,2376,288310.07
916,2377,353074.25
917,2378,140110.26
918,2379,198202.38
919,2380,145497.35
920,2381,163738.84
921,2382,190415.58
922,2383,205259.91
923,2384,250466.82
924,2385,155906.9
925,2386,139559.65
926,2387,134615.88
927,2388,90668.25
928,2389,128502.67
929,2390,143592.79
930,2391,139271.56
931,2392,113871.07
932,2393,159577.02
933,2394,147859.55
934,2395,191847.1
935,2396,151311.93
936,2397,213353.31
937,2398,135047.45
938,2399,57031.26
939,2400,57310.74
940,2401,111606.16
941,2402,138212.47
942,2403,136249.5
943,2404,150572.79
944,2405,165056.86
945,2406,138873.24
946,2407,126827.83
947,2408,141936.65
948,2409,130090.95
949,2410,161405.14
950,2411,118185.55
951,2412,162291.93
952,2413,129781.78
953,2414,133736.55
954,2415,124421.05
955,2416,123845.17
956,2417,130821.36
957,2418,129225.61
958,2419,142103.4
959,2420,122478.5
960,2421,147689.86
961,2422,114611.02
962,2423,119512.68
963,2424,144737.68
964,2425,259707.03
965,2426,132389.5
966,2427,134193.32
967,2428,162274.5
968,2429,113730.86
969,2430,131668.31
970,2431,110551.16
971,2432,144987.95
972,2433,149470.74
973,2434,140517.93
974,2435,160536.08
975,2436,107689.3
976,2437,110681.12
977,2438,124644.33
978,2439,111588.77
979,2440,122938.97
980,2441,96581.32
981,2442,100587.7
982,2443,122032.59
983,2444,130196.04
984,2445,89127.8
985,2446,124648.26
986,2447,159933.52
987,2448,140219.06
988,2449,109945.38
989,2450,137906.5
990,2451,129458.59
991,2452,185628.44
992,2453,94053.05
993,2454,115176.33
994,2455,110746.09
995,2456,130666.4
996,2457,121893.05
997,2458,108904.26
998,2459,110886.86
999,2460,134657.14
1000,2461,117028.83
1001,2462,141446.11
1002,2463,122528.22
1003,2464,168951.0
1004,2465,133819.1
1005,2466,115970.7
1006,2467,120824.77
1007,2468,78538.28
1008,2469,87160.4
1009,2470,187838.55
1010,2471,189039.46
1011,2472,165385.86
1012,2473,118125.59
1013,2474,100604.44
1014,2475,209644.25
1015,2476,119516.02
1016,2477,133019.98
1017,2478,155445.35
1018,2479,110366.01
1019,2480,142602.31
1020,2481,130387.09
1021,2482,133364.73
1022,2483,118569.75
1023,2484,126565.14
1024,2485,126458.62
1025,2486,170259.32
1026,2487,193279.15
1027,2488,134289.61
1028,2489,145117.65
1029,2490,151453.02
1030,2491,85094.79
1031,2492,187821.29
1032,2493,140915.37
1033,2494,157780.23
1034,2495,95860.0
1035,2496,237027.91
1036,2497,149999.74
1037,2498,112029.24
1038,2499,87118.43
1039,2500,134694.17
1040,2501,139410.08
1041,2502,154095.34
1042,2503,103931.9
1043,2504,189772.43
1044,2505,220515.92
1045,2506,252183.52
1046,2507,324825.39
1047,2508,253430.39
1048,2509,222747.78
1049,2510,221899.78
1050,2511,179494.95
1051,2512,212508.86
1052,2513,212716.26
1053,2514,220820.69
1054,2515,150452.0
1055,2516,172666.92
1056,2517,139350.97
1057,2518,144168.93
1058,2519,225699.11
1059,2520,207334.09
1060,2521,184954.08
1061,2522,221065.02
1062,2523,127533.18
1063,2524,138021.95
1064,2525,147985.44
1065,2526,136933.61
1066,2527,119546.63
1067,2528,130237.32
1068,2529,129073.49
1069,2530,120042.63
1070,2531,282464.29
1071,2532,227071.55
1072,2533,195380.06
1073,2534,230212.57
1074,2535,310205.2
1075,2536,225955.17
1076,2537,215700.64
1077,2538,178893.11
1078,2539,182692.66
1079,2540,185425.74
1080,2541,175496.23
1081,2542,174243.03
1082,2543,129568.71
1083,2544,126281.74
1084,2545,135294.92
1085,2546,130530.73
1086,2547,135557.09
1087,2548,159656.02
1088,2549,171460.04
1089,2550,549531.77
1090,2551,141135.3
1091,2552,125386.05
1092,2553,81289.58
1093,2554,105677.57
1094,2555,110146.19
1095,2556,105380.35
1096,2557,111459.38
1097,2558,161954.87
1098,2559,146540.08
1099,2560,136852.83
1100,2561,114689.43
1101,2562,128015.13
1102,2563,154200.4
1103,2564,190810.15
1104,2565,120014.85
1105,2566,180473.33
1106,2567,135314.34
1107,2568,191138.39
1108,2569,196204.17
1109,2570,116851.4
1110,2571,220905.52
1111,2572,139884.32
1112,2573,209407.57
1113,2574,255918.98
1114,2575,123917.61
1115,2576,130584.32
1116,2577,158419.96
1117,2578,84195.82
1118,2579,78972.1
1119,2580,132021.45
1120,2581,124440.52
1121,2582,118150.36
1122,2583,273078.12
1123,2584,165461.29
1124,2585,202528.68
1125,2586,213211.01
1126,2587,185553.97
1127,2588,133270.69
1128,2589,148708.92
1129,2590,223179.54
1130,2591,210710.99
1131,2592,219254.17
1132,2593,263269.48
1133,2594,170481.9
1134,2595,190650.4
1135,2596,340500.77
1136,2597,209256.15
1137,2598,299204.04
1138,2599,283550.92
1139,2600,133026.15
1140,2601,146591.42
1141,2602,84284.92
1142,2603,97496.66
1143,2604,90192.25
1144,2605,82826.2
1145,2606,149991.59
1146,2607,192709.05
1147,2608,205808.47
1148,2609,167424.64
1149,2610,111268.15
1150,2611,151127.8
1151,2612,155974.61
1152,2613,128169.59
1153,2614,129704.91
1154,2615,147150.81
1155,2616,140126.74
1156,2617,176871.55
1157,2618,192781.2
1158,2619,192127.89
1159,2620,187516.38
1160,2621,178267.76
1161,2622,188317.72
1162,2623,239313.72
1163,2624,323214.77
1164,2625,306020.99
1165,2626,175697.68
1166,2627,169414.59
1167,2628,467812.87
1168,2629,477397.6
1169,2630,337140.17
1170,2631,446507.02
1171,2632,447080.7
1172,2633,311886.02
1173,2634,388451.44
1174,2635,156354.26
1175,2636,179672.77
1176,2637,161967.31
1177,2638,249295.24
1178,2639,183953.15
1179,2640,153121.43
1180,2641,109664.86
1181,2642,204565.76
1182,2643,99631.36
1183,2644,129777.63
1184,2645,99717.88
1185,2646,92611.39
1186,2647,99762.33
1187,2648,139161.53
1188,2649,146092.59
1189,2650,131042.3
1190,2651,146502.07
1191,2652,416925.93
1192,2653,239789.45
1193,2654,255353.41
1194,2655,392804.12
1195,2656,288661.98
1196,2657,319150.73
1197,2658,279017.3
1198,2659,301856.16
1199,2660,335069.79
1200,2661,329897.24
1201,2662,348616.77
1202,2663,260524.38
1203,2664,258040.63
1204,2665,305939.74
1205,2666,276016.6
1206,2667,166825.3
1207,2668,170013.14
1208,2669,183248.55
1209,2670,276427.06
1210,2671,175085.24
1211,2672,192983.38
1212,2673,196684.21
1213,2674,190440.47
1214,2675,159522.96
1215,2676,182792.59
1216,2677,194637.57
1217,2678,252094.34
1218,2679,256845.49
1219,2680,267619.9
1220,2681,389458.33
1221,2682,325860.23
1222,2683,458725.15
1223,2684,305930.73
1224,2685,321980.0
1225,2686,255329.74
1226,2687,300344.67
1227,2688,218405.55
1228,2689,194526.98
1229,2690,464576.64
1230,2691,195223.95
1231,2692,128012.17
1232,2693,195546.79
1233,2694,124583.03
1234,2695,190940.43
1235,2696,179626.94
1236,2697,198571.2
1237,2698,197913.23
1238,2699,190571.52
1239,2700,166963.23
1240,2701,158548.2
1241,2702,114835.49
1242,2703,124224.89
1243,2704,145861.23
1244,2705,123724.43
1245,2706,117776.87
1246,2707,126767.52
1247,2708,133882.01
1248,2709,99064.36
1249,2710,127399.88
1250,2711,271430.89
1251,2712,371682.34
1252,2713,154825.38
1253,2714,151368.59
1254,2715,173974.65
1255,2716,129979.66
1256,2717,172070.96
1257,2718,225179.4
1258,2719,159590.19
1259,2720,162645.34
1260,2721,140858.32
1261,2722,166109.82
1262,2723,142489.83
1263,2724,133919.83
1264,2725,136886.66
1265,2726,147136.52
1266,2727,174196.67
1267,2728,164311.69
1268,2729,157293.06
1269,2730,144658.12
1270,2731,119139.48
1271,2732,125031.47
1272,2733,157051.9
1273,2734,135503.83
1274,2735,132547.23
1275,2736,149651.68
1276,2737,124900.34
1277,2738,127266.14
1278,2739,165409.79
1279,2740,132515.65
1280,2741,151435.48
1281,2742,149915.4
1282,2743,154041.45
1283,2744,151061.75
1284,2745,138608.6
1285,2746,136736.1
1286,2747,135746.16
1287,2748,115108.06
1288,2749,129237.26
1289,2750,135049.97
1290,2751,137016.71
1291,2752,204460.58
1292,2753,145808.27
1293,2754,222046.08
1294,2755,125055.32
1295,2756,95029.45
1296,2757,65872.62
1297,2758,83106.22
1298,2759,150694.29
1299,2760,137572.69
1300,2761,150068.75
1301,2762,145747.99
1302,2763,174015.58
1303,2764,123200.82
1304,2765,273058.26
1305,2766,136892.77
1306,2767,89193.58
1307,2768,129638.21
1308,2769,136617.68
1309,2770,138759.79
1310,2771,116301.02
1311,2772,116935.87
1312,2773,176129.28
1313,2774,142663.53
1314,2775,133180.13
1315,2776,131732.72
1316,2777,138271.7
1317,2778,82283.45
1318,2779,145371.05
1319,2780,107904.98
1320,2781,99859.68
1321,2782,96681.49
1322,2783,115202.95
1323,2784,126991.11
1324,2785,141053.59
1325,2786,75913.19
1326,2787,114990.39
1327,2788,83020.49
1328,2789,163305.1
1329,2790,89217.25
1330,2791,112704.69
1331,2792,68401.6
1332,2793,176780.3
1333,2794,107992.75
1334,2795,121926.86
1335,2796,96482.38
1336,2797,210199.44
1337,2798,107739.08
1338,2799,120534.52
1339,2800,63379.25
1340,2801,109032.85
1341,2802,129341.95
1342,2803,163794.03
1343,2804,119788.51
1344,2805,90847.77
1345,2806,91308.07
1346,2807,144786.85
1347,2808,149121.66
1348,2809,135488.72
1349,2810,132438.69
1350,2811,165639.34
1351,2812,153028.41
1352,2813,162409.86
1353,2814,164145.73
1354,2815,98734.44
1355,2816,240009.66
1356,2817,141386.25
1357,2818,129945.19
1358,2819,142349.26
1359,2820,141488.56
1360,2821,111395.11
1361,2822,202828.69
1362,2823,324480.57
1363,2824,174213.74
1364,2825,136469.03
1365,2826,132143.23
1366,2827,140139.44
1367,2828,241063.67
1368,2829,209860.83
1369,2830,230447.6
1370,2831,185831.86
1371,2832,285716.28
1372,2833,279437.78
1373,2834,215022.47
1374,2835,223870.57
1375,2836,191800.14
1376,2837,154710.79
1377,2838,147389.3
1378,2839,177293.7
1379,2840,195401.38
1380,2841,202677.15
1381,2842,230078.6
1382,2843,149717.26
1383,2844,155806.6
1384,2845,119746.65
1385,2846,209837.23
1386,2847,198495.83
1387,2848,206720.18
1388,2849,205309.21
1389,2850,262448.09
1390,2851,228470.4
1391,2852,226348.33
1392,2853,233763.37
1393,2854,141787.85
1394,2855,202865.29
1395,2856,199959.08
1396,2857,183694.85
1397,2858,198910.28
1398,2859,130885.45
1399,2860,123863.26
1400,2861,129754.23
1401,2862,192534.35
1402,2863,123813.6
1403,2864,257547.18
1404,2865,139889.59
1405,2866,134672.56
1406,2867,96880.37
1407,2868,103449.65
1408,2869,123550.72
1409,2870,135692.24
1410,2871,90654.03
1411,2872,58455.14
1412,2873,98309.03
1413,2874,145680.56
1414,2875,124034.51
1415,2876,147945.91
1416,2877,131297.57
1417,2878,162063.72
1418,2879,143873.72
1419,2880,113708.52
1420,2881,149037.77
1421,2882,181238.26
1422,2883,200000.79
1423,2884,180186.81
1424,2885,204320.16
1425,2886,222494.15
1426,2887,92962.62
1427,2888,123888.32
1428,2889,51184.85
1429,2890,78283.09
1430,2891,138408.12
1431,2892,58818.31
1432,2893,93360.15
1433,2894,64910.27
1434,2895,309826.4
1435,2896,284281.9
1436,2897,212896.22
1437,2898,142483.77
1438,2899,214869.36
1439,2900,156311.06
1440,2901,208338.82
1441,2902,204104.64
1442,2903,337051.28
1443,2904,347610.43
1444,2905,98909.0
1445,2906,190874.41
1446,2907,111972.43
1447,2908,131610.84
1448,2909,138609.25
1449,2910,80185.93
1450,2911,84293.76
1451,2912,149786.17
1452,2913,90938.08
1453,2914,80039.92
1454,2915,84022.64
1455,2916,88434.14
1456,2917,154792.99
1457,2918,117200.39
1458,2919,212318.04
